4294967294,0
4294967278,31
4294967278,30
4294967278,29
4294967278,28
4294967278,27
4294967278,21
4294967278,20
4294967278,19
4294967278,18
4294967278,13
4294967278,12
4294967279,31
4294967279,30
4294967279,29
4294967279,28
4294967279,27
4294967279,21
4294967279,19
4294967279,14
4294967279,13
4294967279,8
4294967279,7
4294967293,131
4294967293,130
4294967293,129
4294967293,128
4294967293,127
4294967293,126
4294967293,125
4294967293,124
4294967293,123
4294967293,122
4294967293,121
4294967293,120
4294967293,119
4294967293,118
4294967293,117
4294967293,116
4294967293,115
4294967293,114
4294967293,113
4294967293,112
4294967293,111
4294967293,110
4294967293,109
4294967293,108
4294967293,107
4294967293,106
4294967293,105
4294967293,104
4294967293,103
4294967293,102
4294967293,101
4294967293,100
4294967293,99
4294967293,98
4294967293,97
4294967293,96
4294967293,95
4294967293,94
4294967293,93
4294967293,92
4294967293,91
4294967293,90
4294967293,89
4294967293,87
4294967293,86
4294967293,85
4294967293,84
4294967293,83
4294967293,82
4294967293,81
4294967293,80
4294967293,79
4294967293,78
4294967293,77
4294967293,76
4294967293,75
4294967293,74
4294967293,73
4294967293,72
4294967293,71
4294967293,70
4294967293,69
4294967293,68
4294967293,67
4294967293,66
4294967293,65
4294967293,64
4294967293,63
4294967293,62
4294967293,61
4294967293,60
4294967293,59
4294967293,58
4294967293,57
4294967293,56
4294967293,55
4294967293,54
4294967293,53
4294967293,52
4294967293,51
4294967293,50
4294967293,49
4294967293,48
4294967293,47
4294967293,46
4294967293,45
4294967293,44
4294967293,43
4294967293,42
4294967293,41
4294967293,40
4294967293,39
4294967293,38
4294967293,37
4294967293,36
4294967293,35
4294967293,34
4294967293,33
4294967293,32
4294967293,31
4294967293,30
4294967293,29
4294967293,28
4294967293,27
4294967293,26
4294967293,25
4294967293,24
4294967293,23
4294967293,22
4294967293,21
4294967293,20
4294967293,19
4294967293,18
4294967293,17
4294967293,16
4294967293,15
4294967293,14
4294967293,13
4294967293,12
4294967293,11
4294967293,10
4294967293,9
4294967293,8
4294967293,7
4294967293,6
4294967293,5
4294967293,4
4294967293,3
4294967278,384
4294967278,130
4294967278,129
4294967278,382
4294967278,381
4294967278,124
4294967278,399
4294967278,123
4294967278,244
4294967278,118
4294967278,242
4294967278,117
4294967278,380
4294967278,234
4294967278,112
4294967278,232
4294967278,111
4294967278,2
4294967278,398
4294967278,220
4294967278,105
4294967278,218
4294967278,104
4294967278,379
4294967278,397
4294967278,99
4294967278,98
4294967278,396
4294967278,378
4294967278,395
4294967278,393
4294967278,377
4294967278,391
4294967278,390
4294967278,376
4294967278,389
4294967278,388
4294967278,400
4294967278,387
4294967278,386
4294967278,370
4294967278,25
4294967278,24
4294967278,364
4294967278,339
4294967278,16
4294967278,338
4294967278,15
4294967278,88
4294967279,132
4294967279,131
4294967279,130
4294967279,430
4294967279,129
4294967279,429
4294967279,128
4294967279,127
4294967279,126
4294967279,125
4294967279,124
4294967279,123
4294967279,122
4294967279,121
4294967279,120
4294967279,119
4294967279,118
4294967279,458
4294967279,446
4294967279,457
4294967279,445
4294967279,456
4294967279,444
4294967279,455
4294967279,453
4294967279,462
4294967279,423
4294967279,452
4294967279,443
4294967279,461
4294967279,66
4294967279,65
4294967279,64
4294967279,63
4294967279,60
4294967279,58
4294967279,57
4294967279,418
4294967279,450
4294967279,460
4294967279,440
4294967279,448
4294967279,459
4294967279,26
4294967279,25
4294967279,24
4294967279,20
4294967279,412
4294967279,17
4294967279,16
4294967279,15
4294967279,88
4294967279,434
4294967279,433
4294967279,12
4294967279,11
4294967279,10
4294967279,9
4294967279,6
4294967279,5
4294967279,4
4294967278,348
4294967279,454
4294967279,477
4294967279,410
4294967278,394
4294967294,38
4294967294,37
4294967279,77
4294967279,421
6,5
6,4
0,7
6,3
6,2
6,1
4294967278,392
4294967294,40
4294967294,1580
4,5
5,4
5,3
5,2
5,1
4,4
4294967278,178
4,3
4,2
4,1
4294967278,177
4294967279,61
4294967278,175
3,4
3,3
3,2
3,1
4294967278,173
4294967278,172
4294967294,94
4294967294,96
4294967278,171
4294967294,1579
4294967278,170
4294967294,11
4294967294,188
4294967294,172
4294967294,171
4294967294,1068
4294967294,1586
4294967294,740
4294967294,1592
4294967294,413
4294967294,1590
4294967294,186
4294967294,1424
4294967294,1591
4294967294,1612
4294967294,1611
4294967294,1610
4294967294,1585
4294967278,375
4294967278,374
4294967279,442
4294967278,373
4294967279,441
4294967279,416
4294967278,372
4294967278,371
4294967279,415
4294967278,342
4294967279,414
4294967278,341
4294967278,369
4294967279,413
4294967278,340
4294967278,368
4294967279,439
4294967278,367
4294967279,438
4294967278,366
4294967279,437
4294967278,365
4294967279,435
4294967278,363
4294967278,362
4294967278,358
4294967279,427
4294967278,356
4294967278,355
4294967279,426
4294967278,354
4294967278,353
4294967279,425
4294967279,424
4294967278,352
4294967279,422
4294967278,351
4294967279,420
4294967278,350
4294967279,419
4294967278,349
4294967278,347
4294967278,346
4294967278,345
4294967278,344
4294967279,417
4294967278,343
4294967294,1920
4294967294,1609
4294967294,1584
4294967294,1608
4294967294,1607
1,3
1,0
4294967294,1435
4294967294,1086
4294967294,1921
4294967294,1593
4294967294,1004
4294967294,999
4294967294,998
4294967294,997
4294967294,996
4294967294,994
4294967294,993
4294967294,992
4294967294,991
4294967294,990
4294967294,988
4294967294,986
4294967294,984
4294967294,983
4294967294,982
4294967294,981
4294967294,980
4294967294,978
4294967294,976
4294967294,972
4294967294,970
4294967294,965
4294967294,963
4294967294,960
4294967294,959
4294967294,955
4294967294,954
4294967294,729
4294967294,951
4294967294,950
4294967294,949
4294967294,948
4294967294,946
4294967294,945
4294967294,944
4294967294,939
4294967294,937
4294967294,936
4294967294,933
4294967294,931
4294967294,930
4294967294,929
4294967294,928
4294967294,926
4294967294,924
4294967294,922
4294967294,921
4294967294,920
4294967294,918
4294967294,917
4294967294,916
4294967294,913
4294967294,910
4294967294,909
4294967294,904
4294967294,903
4294967294,901
4294967294,899
4294967294,895
4294967294,892
4294967294,890
4294967294,888
4294967294,887
4294967294,886
4294967294,885
4294967294,883
4294967294,882
4294967294,881
4294967294,877
4294967294,876
4294967294,873
4294967294,872
4294967294,869
4294967294,866
4294967294,864
4294967294,863
4294967294,859
4294967294,858
4294967294,854
4294967294,852
4294967294,851
4294967294,850
4294967294,849
4294967294,848
4294967294,733
4294967294,725
4294967294,846
4294967294,845
4294967294,844
4294967294,841
4294967294,839
4294967294,837
4294967294,835
4294967294,722
4294967294,834
4294967294,833
4294967294,831
4294967294,830
4294967294,829
4294967294,828
4294967294,824
4294967294,822
4294967294,820
4294967294,819
4294967294,816
4294967294,815
4294967294,814
4294967294,813
4294967294,812
4294967294,811
4294967294,810
4294967294,808
4294967294,807
4294967294,806
4294967294,805
4294967294,716
4294967294,801
4294967294,800
4294967294,799
4294967294,798
4294967294,797
4294967294,794
4294967294,788
4294967294,787
4294967294,786
4294967294,784
4294967294,783
4294967294,781
4294967294,779
4294967294,778
4294967294,775
4294967294,773
4294967294,772
4294967294,770
4294967294,714
4294967294,769
4294967294,768
4294967294,701
4294967294,700
4294967294,699
4294967294,696
4294967294,713
4294967294,692
4294967294,689
4294967294,688
4294967294,687
4294967294,686
4294967294,685
4294967294,684
4294967294,683
4294967294,682
4294967294,677
4294967294,672
4294967294,671
4294967294,670
4294967294,669
4294967294,707
4294967294,661
4294967294,660
4294967294,656
4294967294,655
4294967294,653
4294967294,652
4294967294,651
4294967294,648
4294967294,647
4294967294,646
4294967294,645
4294967294,642
4294967294,641
4294967294,640
4294967294,634
4294967294,628
4294967294,626
4294967294,705
4294967294,623
4294967294,734
4294967294,622
4294967294,619
4294967294,717
4294967294,708
4294967294,615
4294967294,614
4294967294,732
4294967294,611
4294967294,710
4294967294,712
4294967294,610
4294967294,731
4294967294,609
4294967294,629
4294967294,608
4294967294,607
4294967294,730
4294967294,606
4294967294,726
4294967294,709
4294967294,719
4294967294,704
4294967294,605
4294967294,718
4294967294,728
4294967294,915
4294967294,727
4294967294,878
4294967294,706
4294967294,724
4294967294,875
4294967294,715
4294967294,792
4294967294,711
4294967294,72
4294967294,791
4294967294,70
4294967294,720
4294967294,71
4294967294,154
4294967294,1251
4294967294,1025
4294967294,1413
4294967294,393
4294967294,1249
4294967294,1080
4294967294,1252
4294967294,1419
4294967294,128
4294967294,130
4294967294,155
4294967294,1425
4294967294,389
4294967279,258
4294967279,247
4294967279,245
4294967278,276
4294967279,290
4294967279,257
4294967279,249
4294967294,1422
4294967294,1451
4294967294,1412
4294967294,142
4294967294,1415
4294967294,131
4294967294,429
4294967294,1037
4294967294,1461
4294967294,1445
4294967294,494
4294967294,1470
4294967294,1448
4294967294,493
4294967294,1466
4294967294,445
4294967294,1464
4294967294,1449
4294967294,1469
4294967294,580
4294967294,1441
4294967294,1446
4294967294,1269
4294967294,1453
4294967294,455
4294967294,1442
4294967294,603
4294967294,602
4294967294,439
4294967294,1440
4294967294,595
4294967294,431
4294967294,433
4294967294,453
4294967294,125
4294967294,1457
4294967294,1165
4294967294,1164
4294967294,1162
4294967294,1161
4294967294,1024
4294967294,1589
4294967294,1594
4294967294,542
4294967294,541
4294967294,540
4294967294,539
4294967294,538
4294967294,536
4294967294,537
4294967294,535
4294967294,534
